256.834
472
20
256.667
462
21
256.501
452
22
256.334
442
23
256.167
432
24
256.001
422
25
255.834
412
26
255.667
402
27
255.501
392
28
255.334
382
29
255.167
372
30
255.001
362
31
254.834
352
32
254.667
342
33
254.501
332
34
254.334
322
35
254.167
312
36
254.001
302
37
253.834
292
38
253.667
282
39
253.501
272
40
253.334
262
41
253.167
252
42
253.001
242
43
252.834
232
44
252.667
222
45
252.501
212
46
252.334
202
47
252.167
192
48
252.001
182
49
251.834
172
50
251.667
162
51
251.501
152
52
251.334
142
53
251.167
132
54
251.001
122
55
250.834
112
56
250.667
102
57
250.501
92.0002
58
250.334
82.0002
59
250.167
72.0002
60
250.001
62.0002
61
249.834
52.0002
62
249.667
42.0002
63
249.501
32.0002
64
249.334
22.0002
65
249.167
12.0002
66
249.001
2.00022
67
248.834
-7.99978
68
