258.5
531
20
258
525
21
256.5
509
22
255.5
501
23
254
488
24
256
473
25
257
461
26
259
448
27
258
437
28
256.5
424
29
256
410
30
256
398
31
256.5
387
32
256.5
374
33
258
367
34
258
357
35
258
349
36
257
334
37
257.5
327
38
256.5
315
39
256.5
305
40
256
293
41
257
283
42
256.5
264
43
256
257
44
254.5
242
45
253.5
237
46
253.5
216
47
253.5
205
48
253
191
49
253
175
50
252
166
51
251.5
152
52
251
143
53
250.5
129
54
251
122
55
252
114
56
252
99
57
251.5
91
58
249.5
78
59
249.5
62
60
250
58
61
248.5
42
62
249.5
32
63
248
13
64
257
1
65
247.5
0
66
246
1
67
263.5
0
68